1812505621
62523061
154125871
1454269321
367576901
1313074319
565896011
1869530381
1781952281
417269899
497684459
1922213123
279228583
1361068453
1764317677
186966419
459976817
666892003
1677813437
355794937
991703893
2044464299
1967296103
1465949477
1102360657
236340673
676419697
1707127141
2053016153
765530291
945233593
1141644841
394129247
663488269
492050483
1119327707
940184029
1738659959
1703456927
2140181839
125289821
392303759
1185524531
1203344033
1909907977
164270287
1257090061
635530009
395080943
1746583673
631304029
1979070007
862351507
36716171
2101513573
1359998933
2085777077
323102041
1406039617
92851571
992463541
341701739
1025658983
1426835441
1201843751
498691561
944017201
654966523
709045889
1335311911
1564617503
809444177
1442084921
2038662727
862277917
1329043421
1096776173
461387141
112094621
69395063
913656979
250022537
1040391881
1336559881
2104470691
1517609887
717824417
409044821
1296753779
1682811047
1398147227
480457699
2136688769
760796683
414847637
870529787
1077431041
1607276513
1363722749
2089819001
30079463
538014023
1575447733
1354365319
836898169
325100257
941567953
1959737053
1517283553
2041484663
1628427583
1377873767
835145609
1631591407
1405469869
1550918081
1260919493
1965661813
1397928817
1419736261
1654976311
1272613033
582169993
1479316739
252077767
157192873
1555096687
1155241859
505557527
236699081
25761157
683675093
772689859
130222049
1288203457
1970221499
1857215027
940859473
2129313601
1268686301
1648523509
118001353
1990382137
2072145701
352360409
1063778941
1240271821
1999278587
2026288151
2135756299
746072741
1343930479
1659575681
1307567659
1515390827
1830170389
74822477
633064429
170442953
1493613001
1778916701
835531111
457742111
878240977
1505097889
770074537
279038803
1647056869
839752889
959857313
17470111
1291225357
1179665183
1848841199
1465069997
1981843657
858441169
1133887973
663595711
382340831
1231001843
1710392617
1857969353
1895988859
1330068977
8649491
1910111807
1130255311
2014966817
616918067
913791079
320953439
59963957
210986927
802930741
1579940113
1377668063
1400630921
587980271
1948303129
1552996829
1578053501
246551471
1487766421
1148056159
596815717
1277004679
1419676157
477519649
958124021
1921944971
2007157423
1739942599
1369680371
209437387
1877127907
1818207637
1434752399
412762699
365631619
771936169
1715349703
511185509
1016405693
537605099
1728126821
692019899
1020824159
1787009347
1663375187
1036272617
1050948293
1237125193
467945017
1389621671
1916513953
1104317723
39373969
1146519601
1691177687
1880365651
1747675091
214617943
861517219
23991259
1232604773
1278000949
756022081
1030821149
1130843963
897603661
1645885499
1401943451
584380919
1418934809
1067472547
207667613
1816654709
1210228021
1648871321
1665765889
1781458417
693316499
2063483393
1108284257
575597797
1522799489
690706351
255937249
1697097791
1332091903
1292993249
260651299
104048327
216233027
173774431
259603573
1039966523
863450747
1773307969
767670419
2040530321
1576855283
1428229931
973684037
26762833
721823777
223196443
68632957
907342907
1525208369
974772521
1409350141
445334639
1457315479
1493630381
50565901
948538141
809841167
2058341473
1087967501
676211
1972235803
922371319
1438943543
1304242001
1243829897
1238866513
628355879
498278237
12669493
463698049
1555218703
1298776399
1570922369
1009624159
160461599
2068930531
898307141
2000047307
1438600117
923981021
807132517
418712513
42863129
2013497777
1643460563
940034717
732570989
474122111
1691758097
110761943
1202851043
941619929
1808608147
1000045379
526273679
1849693999
1715760569
463152869
315993709
1728501829
1653074669
1526300849
116525051
1455928189
2043529193
1362891713
426326819
83266273
869713129
1512196577
413040851
1455201509
1616859133
1406201959
876951221
1264583923
1514775359
328433179
1384139191
674012699
2037220697
1813225181
868579123
89944781
1943112911
1627624619
596649847
526439171
1393970623
9043121
155758991
289414043
1831306019
865644259
1908856123
550660823
717072443
921376073
1286323417
318181973
696940813
671813357
1284203623
1094974861
638987773
636357103
249364447
1729454369
1681729667
503099881
1776959603
628932823
1601806937
1643219951
1678170947
644497351
87350047
1036457701
1859745049
1951578659
452055977
465769511
1442742461
801198991
1514001961
595254073
110629823
1428608327
1733360533
1541674327
537797279
1578703783
657154933
1052666821
114167737
2051101147
1482836881
1111102679
127857887
1787807849
773157521
2092622659
144449873
939294607
2123101727
1898769947
166346911
1228466891
1480622137
881636641
1694252281
851155177
589274603
1845577039
1065779023
1799994961
940603241
695587661
1095621193
782960249
1065383519
700973437
1972945333
378691
1112801071
463569251
247097597
1269110501
914917643
409614229
750387037
1774661419
365450447
1204794077
94695983
466008239
89799067
702106921
1417727603
639000763
1881409259
196303951
2036356859
1521155651
1692050597
493784359
530688161
1184263039
240222211
1028811713
971817421
1776106051
2128127363
1355519873
1186106627
633188557
1712064413
914394409
1725081019
1805113801
309452383
1470280969
1237935331
1184818091
1213115693
2114319661
873387881
1312197421
406993799
17025067
1503489899
1720950793
1111208713
690256601
1808945819
575298637
52974563
10244513
542264941
248984947
1237623523
1322553251
1890734519
1331081797
199225937
1223524639
828564557
107627329
457105823
931986049
706981831
460621957
21320197
870067603
1459120843
1869509981
2134193911
1155535193
1695638311
2118674407
381407567
879012553
131419549
1105329937
996161501
1640132311
1932570533
511248169
1436230633
970644443
1310323447
909247919
737699899
1851582347
1815664601
1390188091
468339931
1808052439
926784431
1988613661
7348157
1519017103
1669487507
852891661
779960677
2109251279
1065652849
169379803
1791981047
430544407
1609693223
499315937
782426917
1509242963
2061072499
1746837577
288098821
1306903063
822640069
925940713
1770051461
1741723897
1697406499
558417073
624388403
389544713
396857977
455281447
2001274757
1054888487
501284071
2137709543
1813742443
1508199509
1492427843
1838365649
1193286961
21503617
1529670209
1134013093
1139469503
243560549
1903654751
88793651
435921929
1328889713
1170318379
921603647
558719989
667585417
1120859809
1117633417
1053066221
506567329
333644039
1925994569
1972116691
959481889
25888913
758838467
1549641209
1478231771
159716639
1518077417
376040597
2096415913
946814233
1334389439
2292221
1306485407
1056369761
1431165079
1117980671
1848801419
214792421
756598279
1487581031
1248962063
1217355481
669208691
1451893799
1683836591
544518361
1205162753
1201368083
115178017
1860236867
1182935447
269357591
1562671081
1180698907
125184307
1031855327
163737389
1183257791
1249832279
745033021
618038573
294530221
1714428319
2110924331
1689042367
771819107
1056516557
963589909
1593984211
626743739
913442197
1053628861
807417659
579986611
220784771
1655314963
1390983101
2122478537
567628981
1589673329
855997189
1681496779
1280806073
208843451
989678777
1446691691
2038316311
1450835413
1605585013
64165001
921221167
1369206361
863348567
1328594669
772556819
1678515697
1227879941
1857475553
590145869
78990157
1916067661
354708581
1493403739
1328998133
994645961
1796777051
1651969537
22584557
172057201
561082693
1223039003
412332379
1194601081
1465827679
1322693081
553500659
46077103
818045783
1620107207
22833149
2049692551
567964699
1943100967
1174789793
1604987749
1485757337
1536196843
536665771
1558100189
721470353
1761983731
564659033
550181773
1459531547
2131135231
166416781
419605037
1723523471
52879969
505862459
907645769
206819099
206037281
454745299
243135481
1005811087
1998760297
22667317
124516267
1696953169
157686439
1759637533
797758219
1177464569
1512943919
816998951
123290147
774434533
386882737
2084410663
896135971
1821319187
1020795973
1512320309
2079806411
1406749163
85129067
1627450763
670424269
8775419
626057119
823808369
1513510529
145697753
1795834177
1323218107
471736907
1332018377
1348390531
1298362361
2044523527
291313591
1981332433
1210927259
956477083
1166840231
422628391
575865751
1468336267
640104083
1566183119
1796371873
864274561
552045707
156010279
1570487833
822776533
356477833
63873779
1815261631
125725021
2019421471
609700471
1351786021
693583991
1088386421
1783607557
553553219
1810757147
548991043
989432231
146763179
81142357
1829668097
1755649361
1162977043
2071731971
1442775379
1409024429
902127133
542223497
1669636721
1585236973
2058907157
809098559
1213128821
624533941
978603401
665242093
1265198873
1458958619
218989889
1818119843
1592114327
1231247981
616068191
74050517
699662053
152802019
1426235731
1511159789
769751933
1829533721
268217557
2147362397
497906509
1499053753
331251913
1024341589
1189591127
1561347313
46216349
1859023847
420257393
297847709
1388100017
1914100231
1690746131
821490499
39345151
577446589
1345685857
1600068637
2025001991
566563513
1235039557
962594177
1597199647
39938033
1227931531
2141870971
465030119
324966197
544840601
295433647
1857908551
250623557
1566661039
110432473
2027327933
1668188989
1154394757
111095209
1981473511
846048083
1727653519
139493593
993254137
362860051
662058889
1595950399
2112108899
643186829
1232787797
1515930113
1007224633
808637233
1241023757
927778843
730611449
559979633
2047223771
1296954479
347247871
168887759
1254082013
414355231
1777382197
2067243203
1524960599
860632811
144414103
1921003727
747646807
1538469809
1319260867
158504911
1312803647
396071783
1153979033
487303639
1380368911
109728701
649437671
1697648083
1149297727
501071567
1369228687
1020504601
1462691327
1827974947
1581791039
434282951
1294708711
1203349463
873568879
429914461
1278359791
144363977
174205429
2137641923
332798537
62514553
313600597
1388442281
2097457157
913188349
1636856159
1562610227
640964371
1583513611
469806283
1056757531
954773993
1937256389
865810301
775867991
1380765539
849948097
668652091
2068157057
1557571513
800884811
1807669811
37767097
614329813
999358229
1267642543
1958998291
639755927
1796215373
1001988833
1240779899
1616588473
593073737
46699073
456656119
1685731391
681157991
583037647
1415535643
1205591927
1705236317
713064503
1960800199
1467420797
1735382027
2014245749
703821143
481126031
1002776017
123833519
1029165349
1940782517
193618223
532846031
1733912027
606158009
1689764273
64771093
1687914341
1496028497
1156827253
2025209083
1776288757
1626560413
1802066587
670251811
1641097109
1361436673
1166701169
1966916383
1466461223
1575182387
1808306221
373055951
1994116829
3023653
757783267
52795163
430191733
286824583
1469481271
542040979
587497789
221575213
179966021
974889623
1426627151
52975369
1233600437
1134807763
1843094087
675137341
332411333
833092231
104993281
1293783367
2060099467
1773594367
958707991
1921123613
1484353601
1138474339
934632799
522287911
1934709947
380195369
409800577
5772617
490161127
1528515997
1169970973
1470536339
1969616783
284715569
830338081
1570849901
1518941759
1411769209
1189135963
241542617
1674331487
162597931
1284435539
1164500543
584368159
13070051
1832948059
1961524681
1661634971
1970198537
890390131
1005560167
14667437
1655008807
991706029
860978143
760323469
1014281539
308290777
1989084737
530123149
1001987237
1673913497
171303721
136529891
885242383
247167413
1233724171
989091707
1867220189
283554907
781549543
1976969651
1771980493
1396135129
1695176633
1261298393
1363150549
611561543
1642578479
531618817
795021613
1642731239
62153557
360962731
1899060011
108292577
689511223
6322777
910188281
2023186351
14543603
826114147
1177172999
326696437
1770001361
658160561
155315929
845334181
1757617229
757665967
590442071
1345058641
1957207949
1406083769
543346379
739237669
372358471
1329337643
845602451
471474433
859559431
1222915391
4412383
2013527353
1366972813
881719403
411063769
478609253
472647113
1932612481
1783107413
2121516571
1683813793
598015967
1813002557
683711923
1432834027
1773356183
1164299897
64194421
1084888631
219822299
1874797909
1806127051
1120294933
290397403
435729937
239412337
15738893
1341566741
530965361
126737311
1654684627
298199939
904987813
906260657
593871953
872739587
2078779529
21758593
1962586973
1854862817
1884129721
1048961077
1836649747
493956289
1386278599
1611941957
153218609
360210239
1070268923
1616170289
915824269
1901711099
1782070583
276718067
1084927133
1796482297
1439140973
1887524741
687891667
56702039
1739539183
1079809069
683207099
2056874453
163440733
1783385377
384087989
754234739
1964749051
25429819
1047582181
1694939833
1483848089
106364371
605485613
819588787
1274321053
1827459493
1310043751
245814263
1250921671
1574578223
1103352869
147940453
360007709
1998922061
1068777887
764410403
438628087
1490087903
868035683
224141677
831094387
2111592029
1819515949
43950919
1388747957
536863253
24696229
1121803079
2012755163
627887291
2123293247
64346371
1126560511
205020973
1220742643
696323317
1906490147
574051741
1714737091
798987647
964719817
1408022359
1625561521
251726777
2034398371
719099993
965729953
604416389
843579749
754105679
1840563227
1814113927
1942433621
1447554373
1768249031
1219423133
171012823
1578470557
128618569
998273027
869368837
1193834549
168028033
120173621
558229781
659024699
92284111
1246398929
413283109
1886907433
550430567
1400076329
337068871
96012779
211339963
458872031
874461851
920862563
590932763
381057371
1968817387
1271005049
1701166613
81109867
1590961061
440578357
1615474199
816286901
231282529
492496657
731303663
1893574043
1074595127
1147076731
1829936057
486872077
1736677289
487684969
1406839661
223994983
640375171
1231955929
1627604717
942417319
222303089
325811371
1106614211
2146241459
1481989777
1396334839
1420181669
2088703031
1596906277
944600989
447731201
1293638179
287443081
311482607
645597437
1487163889
115753367
585630917
701005901
237554699
347851571
115762681
763158283
1040312347
43738129
1694697269
1366447651
1196671337
1545664609
662505301
1981550887
1613255753
917127437
826722719
491386453
848145359
1109840101
1228635607
560115601
606864829
800196643
2139507949
1915481839
347838593
1990169189
897451481
426219883
1988641531
170138989
665243959
1158824743
842684629
1293587653
2146306843
1169140487
2139052171
424762759
669155777
525457627
300019631
984877007
362692853
531773167
1798293073
1474807339
1815206863
1884517823
113672063
27677807
428342749
1769883509
1058958031
1354018537
736995037
1283350423
1296703741
831066317
715995947
1614607349
1809185029
960095951
1120150907
1323355981
13425017
1404495997
1999088471
1139817661
557827937
1871294959
1512721121
1259956487
2108420491
1240345903
537556639
1031040917
1262941037
1648562353
591041851
10365539
622712413
1289346059
1694799937
2114900947
925203757
1102610203
203743381
661994521
923379179
1517778341
742762331
1454605073
1377661679
762791011
2015124887
846224479
912148427
1112572897
1584819217
203107327
66340387
265007461
198842003
139017283
719789221
714152773
1531634087
1657761181
1409671139
1762668707
1491500651
1688717227
889083673
1128518917
980665207
663633211
1773750911
379428319
1566201419
709432211
19249847
991313321
1480327603
1723191391
1095127949
188573257
1100933417
1463745497
1379458499
1370561567
352109689
1941641963
401365403
28958893
1081254287
1427660011
1854569533
1300789927
45405559
584278397
983673133
1701315337
2028226997
1869827699
2047831727
85779571
982280041
452785873
839437657
1421057273
1856444389
456655159
552522023
1190862581
1314553459
541803949
99568013
1005491083
586662211
195438317
1258155487
1649117809
1873006363
545622097
1280902783
304780033
431327903
1470744181
44225557
208852057
1991427499
1265415191
1517456783
1498946591
811180561
254212901
4351493
982216987
372266597
1334278307
1360687409
949455803
1240136903
644083873
1080058303
365263267
665227307
2053095211
1736106587
938845403
1374310303
1110005389
1194793471
1243906921
1718247067
676043141
521683411
54157247
1938111433
1615313201
1108401881
1821728369
1154169629
1573297541
26268097
1844002859
799862677
1909615313
36077933
1013387113
1542516329
1906432919
2146834367
845301341
733559819
1894853783
216546199
586974803
1549817887
1926091729
1629508981
1668418561
1985951089
1173687727
1703064283
691264219
630379037
270262183
1228918903
480599011
2027219377
1687708751
1295440667
1324477267
1875562487
2146422953
1615315957
1185210827
944041057
753722531
1962606757
1670619107
1336345321
456660793
100868917
1118118193
290880313
731776147
1980690431
2058984623
1238802157
603417757
1838689597
370217521
942412847
66838879
116628937
18097753
481616831
2122846721
322068941
1505957417
1157718239
1123343933
1293944573
1442338109
1632484223
998219797
325839197
920878333
337418351
14915311
2009442151
956289517
1316788427
171832501
1666813949
430029599
294644083
2033622313
986744501
1337669687
367283473
343527407
1536919229
2098763153
1858236521
775407881
1151148721
40440419
1342507597
152613599
962433247
847586423
655148531
548726333
1371909403
863950921
1975581661
1332328931
924305377
869343031
1474951109
1760890771
1979539337
1460244899
1053386599
713368951
660007603
1357747817
236923957
1848914233
1050990107
799997533
570458093
441904381
1172165503
480334787
197070779
1467751247
787458263
1116136447
2049008329
1943833501
200511383
1287610231
319208587
1416625783
230535859
82125139
264365527
589048723
110377199
1257898183
2027291269
171823903
1111158157
1091123441
1710751969
1306026613
281231693
1965807313
1879116157
1435874663
98315467
1106320597
441230899
255863351
775932341
1085424623
640243193
477665417
236689727
1420755547
2011200371
708857711
269556697
1679391407
978173641
467464009
610529827
1931290901
1538341841
1260212477
1594746253
1329631483
1453956073
1977478627
945433513
1392334549
1047501929
1324800151
1166938249
1140952151
312144263
503137207
2075553019
477116357
1811447413
1565165191
1647777557
912520093
1267057829
147327329
1297791191
1327783361
346663511
119232013
801760331
1074172481
1333620391
1359443089
512697839
931342667
1940069317
846417697
867256177
29337281
488024531
1314666191
1405420871
1621203313
194264377
1255858061
174856219
951192629
1617111919
112689671
1285672727
755300999
388567297
805719007
1832880701
1418888477
27251771
990187507
27293141
1550567147
1726254217
1954333471
1298208721
1933838377
1149520103
1247436383
164961877
2132000327
1764775163
44782079
1114244111
1440265093
715847507
1083716099
943541623
678512873
1407406123
1522900567
1324980259
791907913
2049194419
1950207997
1814673227
684948851
14237411
1365856091
667250333
319363361
116097343
1662969719
962537881
304252297
421678273
347338561
921088417
2056615723
579833599
1096091327
620963669
568233079
1782974653
1298303351
1000988591
1992233741
1928600591
1374007237
372583051
1358036083
671767709
1450960711
141863629
238095763
1007109827
865273111
75574253
1780099273
1730810791
1056782171
1540342241
343686373
462973943
1692527587
2121441613
2026387163
2127087533
1511663533
294520381
52164199
83282413
33208411
469505383
474698473
557297849
869545351
1354068013
1065811771
1135951009
1471865203
291207557
1376560903
1250584459
1357950641
116869153
720797087
1751776583
1420031087
1037233
1387040191
5736737
706014623
534640553
119744629
376235957
373063787
97621757
1184857523
1296614519
303250763
584744383
1877751979
873311399
625308007
1811704619
1007114617
1894631449
1992805109
1215970433
111256883
1546153673
1467937673
2042598143
337910723
400102739
313546291
987879251
605796469
780033601
1988065819
1670466727
703519321
1896696523
150519329
731376689
2047249283
575501879
517552339
1180728551
224752999
1813111711
1094659691
992631209
688478177
32925407
2029394677
1496801651
1557589109
374768321
637166711
797262437
1907047991
1356306503
188891113
508978081
957245411
202686931
1336553111
1207360849
658937987
181345403
896918969
1065201847
1175132207
1297668629
1680771167
1206431321
346979813
1607624509
1024266161
1128598411
1868820623
837210937
1026014201
855293053
14372261
46408031
536499163
151273379
1905279793
821885437
220647377
2097741119
380235179
1473757121
820140103
928468067
1943164781
211842217
464516033
676358251
2133716161
97455179
1886021513
955916399
1691731403
1066118021
1509219893
1923812249
670383361
823237861
1089978707
1135544537
792256733
1878887083
448243057
1977212521
1473539807
505589813
6516971
1417976869
1452748981
1120295513
1930680149
200903497
1406988577
69420641
29431949
1642112341
16580087
1393393787
446300873
1531642487
1879019657
703865303
485916091
171562331
554605537
164103349
223068707
4399723
97090027
1160378477
950217617
707610671
404513647
1172930923
742077701
162655483
254958551
1395832063
1784321537
1273303099
847473791
1212166601
156762761
541222147
1432313881
874233137
489157369
683336477
1117466351
1553170517
1264694287
965260393
1336320067
8217023
2038420877
974062087
2109291559
364833467
1378507843
636210833
1891622911
170739353
954400103
426538153
272453759
594762761
279913957
619680679
156537643
1727827349
496546979
26858287
82077629
627816139
2082704621
410532841
395253049
101193067
437769901
1761230873
949463729
1752604411
1483906577
1611101663
2145587651
1852379153
623171161
1814946083
1975268143
504062527
1726210763
1345478573
1293858131
1150677509
958769387
1395320083
512663887
1269287321
190106639
2049284441
1506894029
2066929451
140592247
1906134899
1111375999
2129476961
224217667
931607587
1456449221
1183011659
1649938943
496074209
1681716763
805483963
1355368031
889486973
2051889899
1077158647
1721588497
513957593
849394597
1439324801
1750818011
356590813
1298640389
1693827701
940943851
398492363
1823351729
440622827
1816228789
2057747533
617797693
370801429
104608741
170998661
938968567
1503035539
806295851
1362343987
950218301
925176061
703560199
1636627877
1229658541
492074237
1817787343
896676863
1913588029
1890569333
1161135637
1440272983
1267029139
77754029
318662689
357028631
1156127179
1356719981
32419001
1128432493
210408449
932215367
1907802647
266339657
1636712531
281099761
625882349
527826769
1978376831
336847109
684119731
1906930813
515239369
410034949
2049625967
524509627
98275451
525863033
288367543
676964657
1274932903
1017750403
1410065843
759113119
327753709
507890809
1524128537
814895717
1162851649
1873057
884617693
1086071761
1767280961
1801816903
2070664567
2080773559
1970937559
1659726149
1271470927
1370417491
146662991
1519625269
527720363
2108904209
847755743
1415155733
2050698673
1584278951
1419520261
1831471619
1763787871
1059548593
667558169
549297487
182591179
1972662089
1841583011
1431557761
2071893541
2123996183
199893007
867568469
907317121
1418719031
524036759
852514309
128785417
2016141703
515218829
1288303411
1244832451
907536587
1995337261
449909849
766747301
454741927
525608777
822224759
86550517
1671988309
814303543
1929640751
1338309677
12770837
1018811117
1360921207
1317031913
106857749
472369789
2096634823
1055244643
902674543
237320537
1265989183
302704277
1306333631
127417897
59909287
1221711013
636823541
2081083523
1353709073
781314613
658436921
354859033
5958301
5408393
277952383
1595653559
1510756981
1556956381
1367225611
1422134783
805827151
867451019
1636463267
693507977
199934843
2106299119
580561913
369086351
1973353709
717335249
766138517
61023553
2032786111
37571509
1332345241
938222053
1451175161
1933791593
2141795569
1944501241
653803937
210012823
686030221
429893689
720016519
265838317
1273954441
1011192593
1522917023
863263001
855086509
1240407359
1502905993
463307231
945357797
163009081
2109504017
1153514741
1021227461
27907631
613208153
1474906001
1526499109
492255641
1507374229
971508529
497669213
298762463
1184913127
18074531
954622321
469464491
488293153
1397208041
1434082547
1081934603
254930807
255918739
4653757
808942151
1425558731
2033060389
1494973043
499611271
567772313
774532817
195634519
2049490559
600684389
3986747
1733478127
1178406637
1308617119
1380309481
880144351
1460887837
411718651
1212450541
160426769
252644297
697842433
1830296773
1004966437
152494637
1346742377
48506779
1008668159
1138142539
1471419437
2075535299
1538821859
332258347
1136562527
2094484393
1902034639
1609980679
955427959
1670205473
513059993
1571773543
1338939187
947065961
612350821
2044872259
2099101583
1099729573
1806234569
898281283
1660464073
877529129
2022684749
1353160643
516349247
1073849549
606546583
1351950071
1890721907
855840763
1839364741
1964673091
456745141
296615453
1196070257
63146641
1633661893
1972790747
261120131
170237783
294046691
1430705447
779742959
953928719
814332131
1913768809
1654089739
1548655859
205367611
341041891
1409987387
1069231391
1858928909
1891405889
1288786547
99127993
1740878677
1737280417
315822809
247984351
1710472193
438355667
1072021891
96381463
468041153
2043314447
684144767
192357677
1346096617
1376848901
1250360941
990090853
1487817467
557525789
1584990593
871676483
349999847
1532469847
1317787441
1869721603
791059799
1964582701
496283189
2132008079
423579797
498484559
82334453
2133766049
159811097
370752259
1088721149
196359431
713341547
67319449
1500930971
1352650307
1317883363
400438037
2024448851
47220293
305431909
2104013477
1155113957
2014493737
94081679
843943141
1329370697
363848311
2021946673
219992821
1698887167
1917734729
468347119
211874191
1972051583
617586017
248638477
1855034501
1411778999
1446305723
1589762561
248615737
248676359
1136039057
1546499417
1804938599
1990819603
969564787
1547833897
1323423901
1462247539
40337641
652028753
918415037
1790903057
1532387743
1907673247
381183119
89405413
1468068319
2032686989
1517984087
411897917
967937479
306784109
389593909
347015587
1013171101
715565419
1085925403
106063151
1031156387
83570659
1860035339
1022242951
26059867
1970977937
1923116339
2030199863
1695036019
157732997
395164067
1171710773
1320876001
928583303
341930363
